6
80
83
167
216
305
312
520
536
546
596
597
598
645
665
758
777
871
933
1047
1056
1112
1126
1222
1244
1272
1318
1331
1415
1419
1459
1477
1559
1564
1603
1701
1707
2063
2079
2124
2175
2248
2254
2266
2274
2304
2344
2514
2554
2674
2692
2711
2773
2822
2891
2963
3002
3010
3017
3018
3098
3105
3120
3155
3166
3239
3265
3302
3316
3451
3489
3552
3634
3709
3837
4009
4053
4094
4114
4124
4278
4348
4348
4478
4645
4711
4729
4878
4956
5083
5135
5280
5314
5339
5340
5438
5460
5475
5524
5549
5612
5774
5823
5930
5977
6005
6233
6272
6438
6488
6492
6515
6660
6747
6748
6814
6894
6900
6904
7007
7075
7095
7103
7119
7120
7137
7229
7235
7247
7437
7524
7577
7692
7705
7716
7729
7766
7794
7838
7971
8027
8047
8130
8197
8300
8371
8397
8410
8527
8550
8583
8662
8672
8690
8725
8748
8784
8858
8892
8923
8923
8950
9197
9208
9217
9289
9367
9446
9446
9506
9577
9623
9995
10008
10038
10218
10230
10287
10291
10298
10346
10443
10470
10527
10557
10632
10830
10903
10990
11047
11093
11100
11154
11190
11191
11294
11357
11369
11395
11413
11532
11576
11601
11635
11674
11693
11758
11866
11869
11938
12006
12204
12255
12390
12575
12613
12624
12674
12724
12782
12880
12933
12997
13029
13081
13123
13213
13255
13320
13333
13354
13389
13466
13474
13493
13497
13531
13647
13647
13742
13782
13856
13952
13971
13998
14029
14030
14041
14088
14137
14311
14399
14493
14503
14567
14580
14616
14665
14680
14738
14891
14917
14920
15014
15028
15046
15077
15160
15173
15194
15209
15223
15226
15309
15316
15358
15480
15590
15609
15616
15631
15634
15740
15789
15832
15953
16187
16210
16250
16289
16320
16322
16324
16326
16431
16522
16541
16553
16634
16651
16699
16712
16774
16869
16870
16934
16957
17116
17163
17197
17390
17474
17509
17594
17655
17673
17726
17761
17788
17802
17814
17877
17946
17991
18008
18019
18032
18083
18091
18161
18166
18246
18251
18255
18265
18266
18382
18385
18433
18518
18769
18869
18948
19144
19339
19415
19565
19578
19579
19667
19751
19832
19855
19877
19908
19962
19985
20037
20092
20188
20264
20266
20347
20365
20384
20397
20531
20689
20730
20733
21062
21147
21188
21210
21234
21243
21324
21346
21358
21390
21449
21500
21525
21547
21563
21655
21658
21664
21944
21950
21970
22048
22050
22059
22076
22213
22246
22356
22400
22536
22659
22712
22751
22884
22894
23043
23074
23148
23235
23390
23402
23451
23485
23536
23583
23660
23909
24029
24083
24209
24352
24396
24495
24582
24618
24696
24804
24824
25208
25249
25308
25364
25409
25445
25484
25509
25555
25577
25614
25615
25669
25966
25988
26065
26086
26221
26283
26289
26297
26309
26327
26343
26391
26397
26509
26547
26579
26770
26906
26978
27000
27044
27224
27274
27391
27443
27501
27512
27543
27744
27817
27849
27871
27873
27909
27961
28030
28059
28226
28250
28299
28305
28307
28350
28510
28554
28666
28668
28768
28894
28929
29006
29086
29312
29325
29328
29375
29400
29404
29495
29519
29541
29602
29785
29811
29827
29883
30032
30129
30133
30144
30167
30294
30352
30413
30451
30552
30579
30623
30702
30854
30873
30875
30887
30925
30946
30994
31049
31141
31177
31282
31354
31418
31419
31438
31448
31465
31479
31491
31534
31543
31693
31918
31989
31997
32081
32090
32125
32141
32171
32183
32192
32291
32488
32559
32673
32703
32707
