24658
25932
7430
12658
14207
4378
21803
3388
242
8777
29191
11637
24326
13330
13714
17200
22918
12031
5978
2834
13510
585
16025
22528
10549
6657
31151
8280
14564
23250
21350
28183
28983
31543
6941
14207
19625
15747
8005
6564
7516
15006
7759
2342
29119
82
9505
22041
22870
18543
9762
20724
7058
23652
28057
32748
6430
12234
18834
12857
4697
12198
955
3567
27423
28973
6621
6399
11856
21252
721
2103
6011
15485
3801
27859
23881
13577
12699
31920
11471
27608
27703
22656
28210
26877
28121
28553
26900
28437
1776
16368
17708
7879
25542
704
20185
19218
18086
25311
23691
529
1846
6228
25871
5532
4636
10590
10406
31511
19818
14902
32689
201
15080
4393
27751
1615
26684
5728
10661
26873
32545
2430
27875
27350
9351
20322
1429
5661
27605
12381
32389
8589
21783
13479
2709
3558
16838
24601
24807
32697
10525
26860
4210
19566
8704
31514
7338
12681
29277
30191
30952
2209
18947
20267
22698
8034
12637
7779
19559
14945
5050
26206
22393
7997
7329
22786
19441
32011
7971
24754
6868
578
1808
27042
23226
5391
21673
26702
12579
13785
31359
22234
14106
14165
373
24485
1286
28581
3155
19092
22791
3016
5835
3607
14474
11084
11011
1207
21046
11521
16387
24681
13088
17069
9601
23156
19299
31637
7861
16699
17539
6678
15823
8455
31875
8022
5563
29514
15436
31863
5260
12383
25139
8914
12922
3260
13854
17945
14849
25890
24557
30835
25490
24534
5911
17109
22883
4291
19257
11683
24599
23724
26183
31205
24713
1630
9774
21580
29239
5707
17462
30155
2515
16538
24781
31561
12163
29
4286
26878
15175
31234
18963
25268
25069
23948
26443
13431
10350
5708
838
11651
6140
32412
32330
21722
28732
7001
17001
22045
9909
24026
22224
3934
7486
29089
10874
603
23412
31453
6067
12601
28051
29390
1263
11678
5199
2171
3092
10547
29786
28246
11685
1922
10458
18366
18427
26703
16677
12928
17368
29741
1669
13110
25701
177
6416
8674
15056
28058
17097
18165
16220
23565
13398
11641
10424
5760
2233
32097
11366
4207
4795
27616
29227
10869
8476
32479
5465
14231
17501
22502
2340
14449
17598
22426
31038
415
4996
4127
8969
136
1114
25966
30053
23573
10750
13169
1301
30923
12611
31205
27272
17491
23861
2280
27649
31094
30936
20722
3155
28521
11141
22929
24360
31503
18710
5531
6280
25090
9833
23690
14421
11435
20183
10002
12095
28493
21340
5209
949
15365
5501
28670
20735
26692
4715
26013
25232
6457
8167
15378
5978
25378
1223
96
18574
7197
20853
32515
31329
13432
4045
5372
22019
2841
27536
23944
12433
22166
14256
12108
31055
22608
4049
4115
7338
9631
3930
7879
27611
8794
27517
31973
30081
10982
9141
3168
20307
9579
28977
26874
12121
8224
21170
19097
14354
18473
12945
9480
24152
535
23280
26572
22571
14293
9768
20916
9044
9171
10458
8140
24776
18478
24649
12009
31798
3200
22219
26690
25379
20548
16607
6012
31644
5914
25754
26705
17865
25786
6827
30704
20636
29823
25356
25136
3792
6956
14272
22951
10465
3579
4464
6651
20127
21014
27878
16027
23465
26453
12722
16479
23581
12271
19506
4123
2278
27297
3495
915
29005
8949
23901
20378
22258
31824
7971
1464
19109
22254
27746
27421
79
27507
4706
8240
25033
29179
17933
16246
4802
8762
21991
2823
17983
4845
14801
959
14465
16082
8193
24445
22134
5789
28608
17730
8004
32402
26714
16087
19429
20814
5686
24998
252
23762
13975
18768
20602
9400
257
2671
9752
6578
5762
23450
11921
2830
5606
1488
25368
32346
5487
26507
126
1987
25873
31427
29706
1946
19574
2225
18702
22637
152
19730
6750
16035
28712
3709
21760
11681
24346
25784
9901
23025
3668
21166
25770
11756
255
5970
13825
11428
4844
31626
32200
7752
16559
25386
4856
4814
18073
13499
11705
27447
15403
28001
10344
4927
26957
5638
6721
31908
15646
13464
11373
29351
23009
1412
18155
9836
10762
18868
6630
8827
1482
25583
13563
7989
10042
6255
18057
5399
25631
20226
23611
23683
22738
30971
18022
32718
28579
32426
2853
1904
9639
20596
17349
31347
14299
12775
32237
12469
23634
11549
32119
16270
22150
13136
3983
17977
30748
12558
11597
17240
1309
23437
10271
13155
28580
17456
30839
26971
2359
6802
16906
29492
10701
7855
19840
26483
24146
5847
10461
25804
13077
27502
12563
32053
28065
10726
2193
3084
8622
17813
22857
28077
16453
9964
8833
32737
12391
23193
19682
23557
3608
32407
8179
26011
19856
30282
9557
4651
1553
28832
28061
1942
13629
22012
14905
19602
10660
10717
16618
6740
8792
3178
16827
31146
19760
17599
32574
29408
10330
30743
23774
16015
18337
23293
